2.419955748489758	2.037426497940624
2.8102325179950842	2.27415784926368
3.019116290447073	2.404833716619938
3.1869563354654122	2.484299839346786
3.330210784571528	2.591064607026499
3.397244581010386	2.6283889300503116
3.5605044151950564	2.7024305364455254
3.5938396610812715	2.724275869600789
3.6225248624035684	2.7450747915820575
3.6871721045948	2.7902851640332416
3.7402047355074495	2.800717078282385
3.7777167386096258	2.842609239610562
4.122772729138599	2.916453948549925
4.1292708601213155	2.920123326290724
4.17834373897622	2.9206450014067875
4.188394071261428	2.9429995933660407
4.198409633537762	2.9508514588885464
4.2171679787711565	2.968015713993642
4.247433129563036	2.999130541287371
4.254886293888967	3.0017337128090005
4.263659735217465	3.0060379549973173
4.282712723035266	3.0195316845312554
4.303994770066042	3.055378331375
4.32608996426356	3.091315159697223
4.334715053464358	3.09377178149873
4.340384618370144	3.1048284036536553
4.360877297102039	3.137986732723532
4.3700131875541235	3.147985320683805
4.391323326974091	3.1749315935284423
4.397140170748577	3.1815577738627865
4.423049167744012	3.2005769267548483
4.448412569510079	3.2219355998280053
4.452139252352545	3.2234959409623944
4.470189906285553	3.2375437381428744
4.47644032649819	3.246005904076029
4.512284063281854	3.280805928393667
4.515992993534467	3.286231854028553
4.53535742366243	3.3010299956639813
4.5517792537767985	3.3057811512549824
4.5583244940262375	3.3066394410242617
4.717504074764202	3.3439990690571615
4.720200662815722	3.344195715871435
4.7239151734948175	3.3443922736851106
4.727223959784289	3.344588742578714
4.734407747875023	3.344785122632661
4.739247886782179	3.344981413927258
4.749055748537427	3.345177616542704
4.75546322378057	3.3453737305590883
4.75922199200551	3.345569756056392
4.760972542871948	3.345765693114488
4.763966783395241	3.3459615418131414
4.776381518592003	3.3664229572259727
4.778816658573221	3.372175286115064
4.783303152295371	3.376211850282673
4.785692781973368	3.378942698613437
4.791683632897501	3.384353414137506
4.795866119698291	3.385606273598312
4.797613730153076	3.387567779417189
4.799312974325352	3.388988785124714
4.810373674373695	3.4080702858871854
4.813120432327794	3.4112829130173843
4.818153285123701	3.413299764081252
4.820536413772186	3.4149733479708178
4.825146885079214	3.4163075870598827
4.826839006791071	3.4168068718229443
4.829728208856183	3.4214393902200495
4.839748218931877	3.427323786357247
4.846955325019824	3.4310419453358856
4.85006392712108	3.433769833924866
4.851600755829601	3.433929765608464
4.854184543833607	3.4367985102318035
4.8575797326242816	3.4375920322539613
4.8658202953344665	3.4456042032735974
4.870023291895395	3.4471580313422194
4.95498981771614	3.4542348957482654
4.956125191040432	3.454387467146955
4.959036619828037	3.4566696294237578
4.961682066967745	3.456821348021599
4.964419926478234	3.456973013635818
4.9662684812794575	3.4628470358316736
4.967987663928598	3.4631461367263494
4.970072449347032	3.464042205438811
4.97137327567374	3.464638559095033
4.9724851768972345	3.465977368285823
4.975601816455174	3.4680517914542377
4.977641310116698	3.4686426683915115
4.979748632061333	3.469232742506612
4.981768789513695	3.469380135849925
4.986238612920302	3.4724638966069894
4.988469770209876	3.4727564493172123
4.99202302776385	3.4763968267253302
4.994800899294604	3.480581786829169
4.9986298132030385	3.481442628502305
5.000290879868997	3.4815859363676225
5.002977714403411	3.4835872969688944
5.0052148427264695	3.484442207642407
5.045921188725187	3.4878451201114355
5.047469574619856	3.4879863311293935
5.049988986185586	3.4881274962474587
5.0516078103724515	3.4888326343824003
5.053504841945801	3.491781775584166
5.054808328273558	3.4933186082321015
5.057757364614519	3.4934580509951885
5.059290715015232	3.493597449000527
5.060901722072282	3.49373680227684
5.064813515869758	3.499687082618404
5.065822373848283	3.503790683057181
5.067680747182167	3.506910725551518
5.069956544282858	3.5089335260500327
5.072555010071716	3.51560894923448
5.075287767186441	3.519565500880509
5.077306118410573	3.5224442335063197
5.078674273360466	3.5298151966446305
5.080341432727929	3.531095546870028
5.081930296979175	3.5332635167787148
5.084947860704449	3.5412046906832586
5.087284391453761	3.5423273827739745
5.088632141846319	3.543322900646912
5.0900816180388215	3.5443161417474274
5.092359166894724	3.5460488664017342
5.09332010441261	3.546542663478131
5.095277475552917	3.5487578285737045
5.096642405175527	3.5521813388393357
5.099006927850132	3.553640336231354
5.107094594852219	3.561935763313781
5.109585295794946	3.5624118329497274
5.111400309704642	3.5658478186735176
5.118592060078142	3.571242850560224
5.12144493626729	3.5733358400660675
5.122805462847444	3.5744942682853273
5.123763466971592	3.575534218319864
5.126043694957068	3.5773768919170146
5.1275647771983754	3.5776066773625357
5.129799418538434	3.578639209968072
5.132570246349142	3.5800121125294244
5.1979583555551425	3.589726256254237
5.20057145356999	3.58983794314746
5.203753392009633	3.5899496013257077
5.206002363968126	3.5900612308037427
5.20668558434962	3.592731766393962
5.20767744468033	3.5928426831311002
5.209423856751759	3.593728998707911
5.211200662000257	3.595055089759304
5.21200638853563	3.5969268143429707
5.212994163129063	3.597366050266028
5.213669136026377	3.597695185925512
5.214398732992751	3.59802407233419
5.215796132589833	3.598899887063883
5.216672503600609	3.600210306409328
5.22166717657151	3.6027109449575576
5.222747676815554	3.6032526619816467
5.240698979186308	3.6049816296074315
5.24115783232669	3.6050894618815805
5.242173563257322	3.6051972673883776
5.243355587964273	3.6053050461411096
5.245164599268362	3.6058435390580894
5.245742092356849	3.6068111469189637
5.24656504935424	3.606918525948291
5.247698371572511	3.612359947967774
5.248493127016766	3.612571954065176
5.249208144198741	3.612889769287485
5.250615146990633	3.6135247028536526
5.251679579857976	3.615529223637133
5.253102860402543	3.616265405281708
5.253807913566116	3.617210094557434
5.2584145718985225	3.6183619311098782
5.259593878885949	3.6191977157929474
5.261217652218679	3.619719265611727
5.28429309144602	3.6219029608912305
5.285032688568035	3.622006673006805
5.28604083928627	3.6221103603612197
5.287111683560596	3.622214022966295
5.289392717689459	3.6223176608338443
5.290170446340186	3.6224212739756703
5.291566413938192	3.6225248624035684
5.2936365268807455	3.6270584640009895
5.29566824031706	3.629613445378183
5.297482561220536	3.6303261548039467
5.3002497365767445	3.631139250256811
5.302878322867369	3.6317480743965693
5.303949477024849	3.6324572921847245
5.305043814477872	3.6336704060514435
5.306705887712522	3.6344772701607315
5.307438270765996	3.6348801407665263
5.309093354377772	3.635081436010873
5.3100684984198905	3.63558426631123
5.31066995113168	3.635785235533652
5.314389745861114	3.636287252098513
5.317097627213708	3.636688447953283
5.318347203946179	3.637189422148762
5.340122737027873	3.6406801532776654
5.341663977210577	3.640779477344857
5.343237205704999	3.640878778701618
5.344635881890809	3.640978057358332
5.345363926961261	3.641077313325374
5.346620902346346	3.6440444928147486
5.347359292609766	3.6445370577784075
5.348217216304646	3.6457169393696036
5.3497319871827305	3.6478717653062325
5.350778928906093	3.6490426340861766
5.351390415142252	3.6494322232416168
5.352201819659416	3.6497241859295224
5.354365864876406	3.6538875580709775
5.355033691508622	3.6542728270977105
5.35570623662013	3.6545615547417434
5.356219046564631	3.654850090561394
5.357134093086434	3.655234507034294
5.3579881781358605	3.656098202012832
5.359315535025315	3.658393026279124
5.3605063187552435	3.659440781870318
5.361355693956014	3.6600112212893308
5.362218500326052	3.6604860157849677
5.363177468118127	3.66162340922923
5.364216938539083	3.662001879389917
5.365044103851786	3.6626634095740376
5.365529166035798	3.663229634532868
5.389803762974429	3.669967369908504
5.390484690310887	3.670060217473134
5.391056904328759	3.67015304519218
5.392003638906881	3.670245853074124
5.392725084784607	3.670338641127442
5.393426026011575	3.6704314093606056
5.393850607781465	3.6705241577820797
5.394497209312787	3.6706168864003255
5.3951883056697065	3.670709595223797
5.395754359792703	3.670802284260944
5.397491585340456	3.67089495352021
5.398311605727687	3.670987603010034
5.399377746719597	3.6725596277632757
5.400306534245038	3.672744198306599
5.401672751201243	3.674034000431255
5.402182256252203	3.6743098889414774
5.402727246578611	3.6745856023029138
5.403338472007761	3.674677467873199
5.403671193762452	3.675228253593064
5.4042040463180765	3.6755950563867463
5.404664411364571	3.675686708699401
5.405462475303633	3.6763277338813203
5.406378354304546	3.6765107102825536
5.417220842695438	3.681241237375587
5.418137156667511	3.681331705969166
5.418973761104158	3.6814221557210085
5.419817016308991	3.681512586638962
5.420469002438819	3.6830470382388496
5.420886090030247	3.6834973176798114
5.422197386009939	3.684665864025861
5.42287041570089	3.686099771995916
5.423617732983651	3.6868149545073168
5.4243523239310205	3.6873505695580273
5.425090570176213	3.6880636969463443
5.425680916828624	3.6885088076565213
5.426249304431094	3.689042339028172
5.426878710941216	3.6893976628212823
5.427276701412502	3.6897526961391565
5.42786084283942	3.6902847025126295
5.4285024922360074	3.6909930320998696
5.429002515560016	3.691346764134822
5.429451883297024	3.69196510276736
5.43021538807716	3.693111115462141
5.431342853180516	3.694517453811156
5.432082168286229	3.6962689967455327
5.432996533585224	3.696967640744023
5.433470603540447	3.6974037232004875
5.434065661248002	3.697578033651113
5.436730199582794	3.700270937356437
5.437182755944113	3.7004441010277516
5.437980329401657	3.70104963072914
5.438488553059586	3.701913211212344
5.439144722090365	3.702258163162094
5.440356421283745	3.7026028413404273
5.440800494870777	3.7026889681591335
5.441757958508164	3.702947246181556
5.442239821723679	3.703033304733686
5.445545048025255	3.705949194910296
5.448785134883215	3.708420900134713
5.450363057169495	3.7100326990657537
5.472370238102873	3.7131544018372984
5.472988888190548	3.7132384615456617
5.473634386194245	3.7133225049870275
5.47453967844016	3.713406532167691
5.475050531851213	3.7134905430939424
5.4756043686486455	3.71357453777207
5.476105265803748	3.7136585162083566
5.476705580802901	3.7137424784090824
5.477720167949542	3.714916247993585
5.479133161393754	3.7152510288788494
5.479665988650584	3.715501945293284
5.480376367518486	3.7157527168228595
5.480702407433167	3.715836275164994
5.481342284852483	3.716003343634799
5.482853582744432	3.7175872968554606
5.4841488779812195	3.7183355789085066
5.48505812437859	3.718584720027436
5.485731361209037	3.718916686014861
5.486207961063905	3.718999637878718
5.486658547545017	3.7191654940892134
5.487001133713927	3.719248398447946
5.488246039497019	3.7198282862543346
5.4892326435980765	3.719911064198339
5.490181893867221	3.7203247174174416
5.491543779150173	3.721728198572788
5.492427907814601	3.7223870941771238
5.49325305466371	3.7227161674884948
5.494073852282759	3.722880610686939
5.494403685110555	3.7229628089424898
5.518920407167305	3.7265642161622448
5.519291026175716	3.726645720240912
5.51964820326055	3.7267272090265724
5.520962760788372	3.726808682524964
5.521587842609444	3.726890140741822
5.522167657679555	3.7269715836828765
5.522819677214079	3.727053011353857
5.5237321634643495	3.727134423760489
5.524187039161798	3.7272158209084925
5.52457914936672	3.7272972028035873
5.524891804718841	3.727947709544797
5.5252547733060124	3.7280289544205183
5.525528095768542	3.7285161047597666
5.525823246238411	3.728597243383432
5.531406102745979	3.7349597612724454
5.531736862440603	3.735119634081872
5.532069921626347	3.7351995484223135
5.532418020786524	3.7352794480604565
5.532765841158942	3.735359333001711
5.535879958975421	3.739018245883481
5.536318504351206	3.7396514437093766
5.536635447265781	3.7402047355074495
5.540942311063374	3.7452309845281406
5.5412371647539285	3.745543201998024
5.5416828133260045	3.747567162737625
5.541993373353006	3.7481104674949837
5.542808005054593	3.7481880270062002
5.5436211115640335	3.748265572668741
5.544665718447012	3.7483431044875495
5.545552034023823	3.7484206224675685
5.54672769272835	3.748885440009517
5.547175137566168	3.749040268703457
5.547815303257648	3.7491176623563223
5.548104299611931	3.7491950422196725
5.54862769258548	3.7492724082984203
5.549923628354655	3.7493497605974766
5.550354341346792	3.749581734865559
5.550751637781323	3.7496590320949
5.551081423264482	3.749736315569061
5.552146019007256	3.749890841271422
5.552871325972491	3.7500453120117676
5.553738642189412	3.7501225267834
5.554237111279025	3.7505083948513462
5.555431833261833	3.7505855273410087
5.556226492582044	3.7506626461340558
5.556866716932663	3.7507397512353506
5.557165406409294	3.7508168426497543
5.574132012361595	3.751279103983342
5.574550951931823	3.7513560997253936
5.575118537086691	3.7514330818193473
5.5756807665364825	3.751510050270041
5.576132792706618	3.7515870050823104
5.57695261841866	3.7516639462609866
5.5773585038280595	3.7517408738109004
5.578289571065519	3.752202153176521
5.5786094156570964	3.7531232446817127
5.5789656675220805	3.753429841575423
5.57923237869076	3.753812783564702
5.579474909280386	3.7540423867854362
5.579789310980294	3.754118894225413
5.5805805952508125	3.7541953881898382
5.581277056005926	3.754271868683459
5.582099742077578	3.754348335711019
5.582681394674501	3.7544247892772584
5.582922007329717	3.7548832282521674
5.583218050319392	3.7555699806288
5.583459499165595	3.75564621945668
5.583699681231746	3.755722444903458
5.583941994525584	3.7557986569738304
5.58451327321565	3.756483964442609
5.585140248607863	3.7567881987681178
5.585496825212131	3.7570162347313008
5.586973047837903	3.7580788222496126
5.587777170242239	3.7589118923979736
5.5888787343083175	3.759214431234244
5.589340715843184	3.7607993116307177
5.589686041940406	3.7611005389581424
5.590098062235747	3.761251074308663
5.590342409895742	3.7613263224214566
5.590764951837039	3.761551988564182
5.591120282237383	3.761927838420529
5.591566539455673	3.762078087334639
5.592005671654997	3.762753564933374
5.592742859342505	3.7636525705645303
5.594125039849429	3.764250875438773
5.594406916113055	3.764400322956388
5.595049572772002	3.7646990637983677
5.595873034737048	3.7657430414210444
5.61063568011282	3.7664128471123997
5.6113015509373065	3.766487206239694
5.612321775876817	3.766561552637531
5.6134559632008125	3.7666358863102674
5.613839708515784	3.766710207262259
5.614458483566655	3.766784515497859
5.6146789598458495	3.7668588110214176
5.614923568054131	3.766933093837284
5.6152101747523995	3.767007363949804
5.616052041047328	3.7701890227359933
5.61631794196379	3.7704101315139065
5.61670021758362	3.770557474850995
5.617335898009838	3.772101569277012
5.6192394628353615	3.773127924033335
5.619655670068982	3.773347541980823
5.619992307833224	3.7734938922709707
5.620844719979431	3.7743709598499167
5.6218448712864255	3.7762652182681093
5.622276208654572	3.7764105888073423
5.623049675875795	3.777209258145685
5.623371289329483	3.7773543130842087
5.623767032937654	3.777644277696485
5.624089147830704	3.7780064614235083
5.624738844774686	3.778368343355874
5.625987038574643	3.779380011491656
5.626271572966151	3.7794521834040617
5.629624654147899	3.7804613328617176
5.630312929425099	3.780533325316404
5.630912752884549	3.7808931086870787
5.648762888373532	3.785472203306388
5.650999704940284	3.785543369956593
5.652078007181854	3.785614524946824
5.652907435410218	3.7856856682809013
5.653758416483469	3.785756799962643
5.655401622057025	3.7858279199958655
5.656850136051131	3.7858990283843834
5.657350384459937	3.7868933252613157
5.657880611375218	3.787672964687493
5.658328172897835	3.7884512070234555
5.658853397545573	3.789228057267335
5.659361812057953	3.7895807121644256
5.660449949623301	3.7906369619317033
5.661021909629807	3.791129000727286
5.661302397355689	3.79140991566716
5.66185431525701	3.792811771248147
5.662131429630053	3.792951708250132
5.662482061561108	3.793161529245551
5.663002289543508	3.793580867368156
5.663377674952295	3.7937205568135233
5.6636462818654705	3.7938602013426697
5.6640286422316075	3.794139355767774
5.664347646030997	3.794627444664508
5.664730329514575	3.794975744051132
5.665368012567798	3.7960884286806684
5.665756361799922	3.7966437037851164
5.666101269827702	3.796921075330169
5.666425308699001	3.797198269838959
5.667213791593561	3.797613730153076
5.667507119576296	3.7976829349148993
5.667965398120088	3.7985125330313516
5.6682768633975815	3.7985815947285477
5.669892148827521	3.8013350956745464
5.671306166396491	3.8048206787211623
5.672077528782049	3.8055688175485556
5.672349121617658	3.8057726319356693
5.673042114197271	3.805976350717563
5.674952030071519	3.8102325179950842
5.675438286101666	3.811373897053893
5.675740774492869	3.8116420214531512
5.676014665499659	3.811709026696191
5.67673200870249	3.812646016233119
5.677131340651944	3.812779707008964
5.677378796959058	3.8131805325860118
5.677758381955997	3.8133808067338557
5.6787796055266195	3.814713612695977
5.67905340606257	3.8150461760646306
5.70139526901392	3.817961804531994
5.701687119088989	3.8180278418592564
5.701927014552202	3.8180938691466357
5.702234887526455	3.8181598863971855
5.7029067927703005	3.8182258936139557
5.703425515696848	3.818291890799996
5.704536575469313	3.8183578779583547
5.705151843726508	3.8184238550920786
5.705419786980081	3.8184898222042136
5.705763676247078	3.8185557792978027
5.706182476849728	3.818621726375889
5.706621356551467	3.818687663441514
5.706809921489425	3.8189513116401725
5.70742453529521	3.819807064590756
5.707957462166133	3.8199385693553953
5.709240271861706	3.8209891764160497
5.709532833140508	3.8211203237768236
5.709709970102823	3.821316970591097
5.710072494163198	3.8224296237793567
5.710907349975387	3.8230175234460493
5.712083740200504	3.824581376233483
5.712855017144779	3.8252313231999002
5.713172055725714	3.825491029879431
5.713762626922103	3.826269219393726
5.714667506133517	3.8284665473526784
5.715316281093867	3.828788748184953
5.715643231064253	3.82885315967664
5.715885567047159	3.828981954007923
5.716156154997815	3.829175073917088
5.716641788122247	3.8294324336175984
5.716868564614828	3.8294967497201826
5.71703190371018	3.8295610562993927
5.717381709330853	3.829689640898971
5.717824392360935	3.8298824464434933
5.718128683180585	3.830203598925704
5.718330594628009	3.8302678009336417
5.718571436108525	3.830716949436898
5.719756256606409	3.8314858392486575
5.720467749736088	3.831613855309099
5.720913906235562	3.8317418336456384
5.721150018407809	3.831805808674391
5.721429719481209	3.8318697742805017
5.721736440940614	3.8323172699222616
5.722482551110232	3.8328919447597904
5.723518882321707	3.8333383889393975
5.723751121635539	3.8334021292318585
5.725118238964838	3.833975371279906
5.7266946153471014	3.8344207036815328
5.727360670096869	3.8345478576809486
5.74264109151114	3.8372095278012064
5.743402353714028	3.8372727025023003
5.743785618722052	3.837335868015015
5.743936010717981	3.8373990243420226
5.744783341576202	3.8374621714859947
5.745310621305923	3.8375253094496014
5.745973693837572	3.837588438235511
5.746777383547633	3.8376515578463923
5.747153796075702	3.8385972528166565
5.747619194188392	3.8387861449465945
5.7481003837410825	3.838974954955468
5.749620385199933	3.8411090844681537
5.750564702918805	3.842047288509638
5.751035707677509	3.84248442441157
5.7513499405683435	3.842609239610562
5.753167714650539	3.8473875510273956
5.754284869028044	3.848435455331471
5.754532565943352	3.8484970180903666
5.75484122482045	3.848558572123763
5.755338895234561	3.8489277132270785
5.755524993442042	3.8490506905695123
5.756203880507214	3.8496650554787326
5.756550914282641	3.849849195605258
5.756906032299296	3.8501559224220925
5.75732996848949	3.8502172417983895
5.757677621490552	3.850278552518037
5.758322850070128	3.8505237088789945
5.758748433752099	3.8507074853745373
5.759926078705579	3.8512583487190755
5.760393831106003	3.8513195126487454
5.760669719616225	3.851380667965597
5.7611509741128355	3.851747419133264
5.761554244633553	3.851869600729766
5.762159951113767	3.8522969658269255
5.762522519717446	3.8523579836678272
5.762857045331645	3.8524189929370016
5.76322202924422	3.8524799936368566
5.763609161398862	3.854063011866421
5.764879702287071	3.8552768038300917
5.766111562382292	3.8555191556678
5.7665214071634345	3.8555797225017177
5.767601068050335	3.8562454007900544
5.792407800123758	3.8596785766284483
5.792605281831833	3.8599784416420206
5.792780979055688	3.8600383898071935
5.793009069390211	3.860098329698518
5.793239836437472	3.8601582613182783
5.794248874862989	3.860278099752235
5.794509656280345	3.8603380065709936
5.7947396275612535	3.860397905127313
5.794984099804937	3.860457795423471
5.796162737866876	3.8608169638645378
5.796763688719073	3.8608767964032977
5.796962665787025	3.860996436757196
5.798951578351966	3.8610562445768735
5.799463926708374	3.8611160441613954
5.800139467498994	3.861175835513029
5.8003362164831564	3.86123561863404
5.800715703930584	3.861295393526696
5.800974692416624	3.86135516019326
5.801149096291846	3.8614149186359965
5.801421547970969	3.8614746688571686
5.802213911277301	3.8615344108590377
5.80261776163403	3.861594144643865
5.803248795540966	3.861653870213911
5.803747913629913	3.861713587571434
5.804340511166312	3.862489166905897
5.804724006808324	3.8628466599829387
5.805062264400775	3.862906213562998
5.8053356725082725	3.8632038590286295
5.805802516670964	3.863857961883973
5.8060693505202225	3.8639173769578603
5.806464886261017	3.8640955734242475
5.806864127214445	3.8643924051505887
5.807200045689821	3.864689034136851
5.807667596180129	3.865044721693099
5.807813644794142	3.8654593226619647
5.808029922872056	3.865932668193186
5.8147076242215086	3.866995813110648
5.815017585621545	3.867054800476702
5.815472814351395	3.867113779831977
5.815774265272782	3.8671727511786496
5.816259864855275	3.867231714518894
5.816893908748056	3.867290669854884
5.817329980307681	3.8673496171887924
5.817578589890733	3.8691143269793753
5.817774203750228	3.8694664100808667
5.817935386789238	3.869583707713424
5.818281991861429	3.8721562727482928
5.81867909218908	3.8726806071519295
5.818901889792961	3.873436863222037
5.819054091070756	3.8739015978644615
5.8194050707135325	3.874365835730049
5.819623548899216	3.874829577879722
5.819898464622411	3.875697761980208
5.820132466228694	3.876275588677879
5.820389328409249	3.876448786878341
5.820683449337623	3.8768526476013436
5.82086651779745	3.8771408897848207
5.821060000909597	3.877601679729272
5.826463549092801	3.8831501996832776
5.826600175580041	3.88320703335239
5.82673611188495	3.8832638595849738
5.827222544628221	3.8833206783829755
5.827457803232262	3.883377489748339
5.827854997536011	3.8834342936830093
5.828119592068928	3.88349109018893
5.828306002132098	3.883547879268044
5.828451075698787	3.8836046609222925
5.828592878566266	3.8837749613552583
5.828748164039625	3.8838884578884807
5.828887293894342	3.884228769632604
5.831106690401849	3.8864343196289384
5.831240583120211	3.886547123391106
5.831547931750618	3.886659897861203
5.831734795817104	3.8869417059834155
5.831897276594829	3.8871107031248835
5.8320501065615105	3.887167020894774
5.832211830333278	3.8874485002499535
5.832349216259538	3.887504774235378
5.832504442004735	3.887617300335736
5.832653866229887	3.8876735524544475
5.8327898359056425	3.8877297972880305
5.832927677187784	3.8877860348383715
5.833107570820758	3.8879547038088016
5.83337790902273	3.888010912245029
5.83378819541224	3.8880671134074367
5.834149105239242	3.888179493918325
5.834442958319034	3.888235673270567
5.834754403561472	3.8882918453565156
5.8349373529311785	3.8884041677370464
5.835197668804315	3.8885164610749454
5.835380431580186	3.8885725968576
5.835755869257222	3.888684846659699
5.836205713171393	3.889693791444185
5.836866328652945	3.892984550710717
5.839704248967155	3.893095666096228
5.839873194948801	3.893151213129866
5.840083500514499	3.893206753059848
5.840299977465735	3.8932622858879915
5.840488130622252	3.893317811616112
5.840795898847094	3.8933733302460247
5.840991353167923	3.893428841779545
5.841261211164792	3.8934843462184863
5.841480230083447	3.8935398435646613
5.84168413125763	3.893595333819883
5.841877936253391	3.8937062930647133
5.842282147631578	3.8937617620579434
5.842613607492869	3.893928126542607
5.842913014685389	3.8939835672118472
5.843213461845006	3.894039000804609
5.843377311175333	3.894094427322699
5.843663120749608	3.8942052591420837
5.844129725472886	3.8943160626844384
5.844375269233961	3.8943714538562375
5.844728111777859	3.894426837964188
5.844979523492991	3.8944822150100906
5.845354818253757	3.8948696567452528
5.8456071069264	3.8949249773595436
5.8600863423820515	3.8958643512472992
5.860366758909039	3.896250562461638
5.8606380153873765	3.8963608454693164
5.860975502074333	3.8964711004792774
5.861206923762993	3.8965262174895554
5.861490800007592	3.8965813275057326
5.861731501177587	3.8966364305295844
5.861974456118829	3.896691526562884
5.8622292038648505	3.8967466156074058
5.862781737277367	3.896801697664922
5.863018747531295	3.8968567727372045
5.8632472982060415	3.896911840826025
5.863453128925683	3.8969669019331548
5.863781304430536	3.8970219560603634
5.864315841982189	3.89707700320942
5.864650483823827	3.8971320433820944
5.865003239818871	3.8971870765801535
5.865236079607714	3.8972421028053654
5.8659870698679	3.8972971220594967
5.866143732270192	3.897352134344313
5.866629912507694	3.8974071396615804
5.866808770188623	3.897462138013063
5.867054210642698	3.8975171294005255
5.867221691315812	3.8975721138257304
5.867408556522792	3.8976270912904414
5.8675770788795365	3.89768206179642
5.867755546989281	3.8977370253454273
5.867960429818575	3.8978469315795716
5.86816639269115	3.8979018742682277
5.869647621587724	3.897956810006952
5.869894979300186	3.8980117387975017
5.87008655538484	3.8980666606416348
5.872141698863431	3.898121575541108
5.872322963200125	3.8981764834976764
5.8724744444756	3.8984509191983747
5.872741738283838	3.8985057855343586
5.873163599530661	3.898560644939712
5.873783137760467	3.898615497416186
5.874030473627136	3.89867034296553
5.874350175790917	3.8987251815894934
5.874543275587171	3.8987800132898256
5.87580471789305	3.8994374542861774
5.876992757197283	3.9006401839826004
5.8773880491824775	3.9008039348103694
5.87762067681895	3.901131251355372
5.877774925444153	3.901785145303599
5.878287925857187	3.9024924211586036
5.882339510725944	3.9066582176716
5.884027450731898	3.9097164532343447
5.888443473708142	3.91232835796041
5.889959090805891	3.9132839017604186
5.893859370282225	3.9144489406985543
5.89467985348293	3.9149246482051483
5.901536236753867	3.9169800473203824
5.902531016149357	3.917977882592908
5.907665520659475	3.9196532823103643
5.908697824645095	3.9207492612757084
5.911727412810062	3.922050402167174
5.914377539608975	3.922829219666649
5.914593293706915	3.922932956555212
5.914692673748901	3.9229848157088827
5.915347590084816	3.9231921904206675
5.9215522655550945	3.923606643017459
5.922284194100153	3.9241758703019207
5.922955256750186	3.924434363543231
5.924363551696552	3.9256729939212405
5.927491496850612	3.9262909868848634
5.927990048066675	3.9277295597716546
5.931985416276226	3.9277808493473745
5.93255391911189	3.928190948038757
5.936743395380707	3.929521100631104
5.9372946694818785	3.930031614950973
5.941537270896727	3.9304905653062696
5.9417801747710834	3.9306434410421645
5.9419827391204985	3.9306943876645355
5.942284920545823	3.9307453283111133
5.942441634660639	3.9307962629833004
5.9434336708453595	3.931712067056756
5.9438045449011225	3.9318645134920316
5.94424522583558	3.931915317081246
5.944438253397613	3.931966114728173
5.944632181898566	3.9320676922007216
5.944949780943347	3.9325752234982905
5.945332662189246	3.9336391125249253
5.945498620332877	3.933689708957895
5.94565516365171	3.9338414628987213
5.94581509461044	3.933892035764211
5.9460305392041075	3.934498451243568
5.946237029579219	3.934548947666147
5.9465259512641735	3.934599438218073
5.946798972629272	3.934649922900711
5.946990868727523	3.934700401715425
5.947151780132966	3.934750874663579
5.947511162530969	3.9348013417465366
5.947761034985322	3.934902258322314
5.948026917732724	3.934952707817858
5.948285788865199	3.9352048674265814
5.94900971052316	3.9354568807116097
5.949291913330742	3.9355072658247128
5.94948222343469	3.935557645093014
5.949749492690789	3.9356080185178692
5.950280129475723	3.9356583861006342
5.950496291334665	3.9357087478426633
5.9508699391116044	3.935759103745312
5.951096501076738	3.935809453809933
5.9514239804546945	3.936513742478893
5.952292498867934	3.936714758211204
5.952951703565599	3.9370161074648142
5.953750996094813	3.9373172477624943
5.954553160137931	3.937668314399005
5.968911894318167	3.938519725176492
5.9692238856512345	3.938569756221061
5.969633005326211	3.938619781502681
5.970035225568066	3.9386698010226793
5.970385933078184	3.9387198147823823
5.970779560150577	3.9387698227831174
5.970909606377913	3.93881982502621
5.971169117963127	3.9388698215129865
5.9713524003130996	3.9389198122447717
5.971755349419786	3.93896979722289
5.971924485887079	3.9390197764486663
5.972355601678171	3.939069749923424
5.972534682933865	3.939119717648487
5.972796924518103	3.9391696796251776
5.973205003319557	3.939219635854818
5.973418364103688	3.939319531078238
5.973705912011456	3.9396689835223264
5.9738586088489285	3.9401677140340747
5.973987275373661	3.940217555599735
5.9741232791753305	3.940267391446012
5.974273064580405	3.940317221574218
5.9743905523561605	3.9403670459856652
5.97456879663488	3.9404168646816653
5.974851442447135	3.9406160823374075
5.9750409974730525	3.940665872475829
5.9752502400620475	3.940715656906663
5.975452029157255	3.9407654356312176
5.975697818565318	3.9408649759667216
5.975859917494578	3.9409147375802855
5.980010647660712	3.9422065422770953
5.980161144163155	3.942256150419465
5.98027114184511	3.9423057528958942
5.98072356651263	3.9423553497076766
5.981072102546715	3.9424049408561066
5.981580336504974	3.9424545263424773
5.9817384432311185	3.9425041061680806
5.981906453477947	3.94255368033421
5.981990660575392	3.9428014663179405
5.982221919720658	3.9430986230054854
5.98233637232653	3.943346098356591
5.982570159985939	3.9437417658313136
5.982803370025544	3.944285220688753
5.982992196466012	3.944532020991981
5.985295761866026	3.9455670534423883
5.98540356859937	3.9456162792267317
5.985521227071217	3.9456654994321343
5.986235474975446	3.9457147140598603
5.9863582861803035	3.9457639231111736
5.986478374501517	3.9458131265873386
5.986584544349814	3.9458623244896174
5.986737705736631	3.9459115168192733
5.986843812214154	3.946845113960623
5.986991064745305	3.948070481518941
5.987122162518945	3.948119424380536
5.987267531860414	3.9482172935599706
5.987404358225892	3.9482662198802956
5.98753443743893	3.9483151406893477
5.987647945533983	3.9486085498764365
5.987761870676982	3.9488529061997135
5.987901667363542	3.949145952419944
5.988028472714322	3.949194774237982
5.988141405461328	3.949341206770497
5.988261447997743	3.949585151326652
5.98838279557003	3.9496826907952043
5.988733709638022	3.9512889372776723
5.988852251833352	3.951774508081725
5.9891017086363	3.9527440240148985
5.989252204322988	3.95288926491093
5.989414663309431	3.953034457250357
5.989580175439991	3.953131225183445
5.989720277537317	3.953179601065634
5.989879894363657	3.953227971559854
5.990019455431128	3.953421399681035
5.990174520061481	3.953518081444993
5.990335746329265	3.9535664142570064
5.990507122399041	3.9537113804275554
5.99065935062724	3.9537596917332287
5.990811081934259	3.953856298224986
5.990999119691953	3.95390459341346
5.991162699526762	3.9540977204791896
5.991317356571751	3.954145988829548
5.99146664364709	3.9542425094393248
5.99158399952924	3.954531942626914
5.991720800880992	3.9546765869186435
5.991852248957083	3.954724790979063
5.991972597487299	3.954772989689717
5.992090701301068	3.954821183051793
5.992222921767967	3.9548693710664784
5.992355101992744	3.954965731058421
5.9924823813741215	3.9553028227616918
5.992624200907021	3.9554472105776957
5.992804832245308	3.9555915504057246
5.99295581595473	3.955639653023252
5.99308556702492	3.9557358422776656
5.993226748634823	3.9557839289169117
5.993395224108125	3.9558800862253753
5.993557904088306	3.9559281568969507
5.993734182145961	3.9561203863930197
5.994199652858492	3.9573678084315276
5.994347512620847	3.957607287060095
5.994473769649789	3.9577509108772793
5.994606585857226	3.957798774929998
5.994774966555553	3.95784663370815
5.994933176121242	3.9578944872128985
5.995060580815262	3.9579423354454044
5.995201561063475	3.9579901784068303
5.995376734421881	3.958038016098337
5.9955487657829485	3.9581336756762355
5.995697044255783	3.9581814975649476
5.995824225091069	3.958229314188382
5.995950053604904	3.9582771255476974
5.996102139062051	3.9583727324786073
5.996258989873972	3.958420528052518
5.996412718792218	3.958468318366944
5.996546256728773	3.958516103423041
5.996679753617376	3.9585638832219674
5.99681758439115	3.9586116577648793
5.997003914551454	3.9588027033995026
5.997130713307731	3.9588504516796785
5.997259660276948	3.9588981947107715
5.99740211308769	3.958993665030326
5.997569850350293	3.9591368311703743
5.997698230417809	3.959232249050996
5.997830064319436	3.959279950130939
5.9979548767591355	3.9593753365758433
5.998078344679923	3.9595183769729982
5.998203085796653	3.959613711071044
5.998343485727971	3.959994838328416
5.998479917947742	3.9600424557268417
5.998931625421665	3.9614210940664485
5.999115310251889	3.9614685553507862
5.999482012195471	3.9618006391916785
5.9996650298068435	3.9619902874400648
6.0002765575107535	3.962369335670021
6.000502622048012	3.9624640460579013
6.000969565081225	3.963079160641827
6.00113722987386	3.963268251526235
6.001312623741442	3.9634100156802288
6.001724628865274	3.9635044994142907
6.001860435636895	3.9635517335740964
6.001981501408052	3.9635989625972416
6.00215050466061	3.963693405238019
6.008022005109901	3.964542466079137
6.008369338261318	3.9645895874899035
6.008681487919361	3.9646367037885017
6.008949595634837	3.964683814976041
6.009187774733634	3.9647309210536292
6.009693472021886	3.964966374831098
6.009834452322059	3.9651075858490556
6.010280022744207	3.9653898702151222
6.010711577861875	3.9657659641826863
6.010885689377749	3.965812953036603
6.012932927603727	3.9661417327390325
6.013256137859197	3.966188680956137
6.013497440535367	3.9675947726718896
6.013711679040546	3.9684362477117046
6.013977541349761	3.969322706112202
6.014156654226654	3.970067796549137
6.014367206581267	3.970579305714851
6.0158884678477325	3.9711366294768062
6.016149653811216	3.9711830408561615
6.016233334031035	3.971275848738105
6.016517308147348	3.971415023384995
6.016684928813679	3.971461405024587
6.016773102246701	3.9719249491841913
6.0168671063312145	3.9726193390596234
6.017003689336472	3.9736819185039836
6.017184898328171	3.9741430999022147
6.017373125292437	3.974327435423617
6.017489526420034	3.9744195738522863
6.01762841597034	3.9752019622578523
6.017785186834565	3.9759370424831104
6.017981487547791	3.976304116552003
6.018138131035621	3.97648753730519
6.018289721459206	3.976762523267461
6.018423360331159	3.977220446635385
6.018612299643661	3.9774492273823414
6.01880240447572	3.977494969073036
6.01894835849001	3.9776321652459994
6.019152445516165	3.978500069311459
6.01939797100147	3.9789561652175913
6.019626753891973	3.979457318097848
6.019886116811893	3.979548374704095
6.019985256266354	3.9802761410778404
6.020159421417074	3.9810026899413997
6.020341390841851	3.9812294874200007
6.0205924580567585	3.9814108401658883
6.020765551885835	3.9815921172140816
6.0208822891464395	3.9819997141298784
6.020984511967716	3.982090239295793
6.021101190395141	3.9821354948037695
6.022408161380399	3.9824973691977124
6.02302599115097	3.9825877907016625
6.023244638146071	3.9826329943948497
6.027717684539051	3.9833104857941155
6.027968189588266	3.9833556143317885
6.028165233471471	3.983400738180538
6.028312957736746	3.98344585734134
6.02847364745965	3.9840319802711806
6.028567592892157	3.9841671271469883
6.028756642222446	3.984212166761434
6.028885067507237	3.9843922785242656
6.028994361646854	3.984617313236748
6.029072760201983	3.9846623061901068
6.029220582184204	3.984842231405276
6.030460061491599	3.985381560231997
6.030533338239356	3.9854264740830017
6.030641004288215	3.9854713832895876
6.0308255125817745	3.986368593570273
6.031121937393383	3.9871297676598974
6.03131028240172	3.9873980991370175
6.032371327844194	3.9877556167385233
6.0324998977660576	3.9878002857518724
6.032634875374828	3.987844950171298
6.032733563790093	3.987889609997745
6.0329038995938715	3.988112840268352
6.033079400412914	3.988202100258781
6.03325040522661	3.9882913419074875
6.033407268068661	3.9883359558560505
6.033519852614719	3.9883805652220086
6.033701132808731	3.988425170006303
6.033819667623591	3.9884697702098757
6.0339397766858	3.988514365833666
6.034088762167468	3.9885589568786157
6.034241308886101	3.988603543345664
6.034381765054489	3.988648125235751
6.034565894465447	3.9887372752888
6.0356610334584095	3.988870966064645
6.035777434821179	3.9889155205126867
6.03591179759803	3.989004615698537
6.036068101966683	3.989138224215789
6.036224350100991	3.9891827512555476
6.036350586304301	3.989227273730537
6.036438051265259	3.989627770745151
6.03669435393529	3.9904720535256195
6.036888276908692	3.99056082999402
6.037029873757083	3.9906495883188544
6.037199330414868	3.9906939606797516
6.037333254070267	3.9907383285075375
6.037454387516411	3.9907826918031377
6.038833482045792	3.9910931080488874
6.03893236028779	3.991137435120312
6.0390379643889665	3.991181757667873
6.0391669571117435	3.9912260756924947
6.039332805291458	3.9912703891951
6.0394494165626	3.991447598003803
6.039605642450373	3.9918460536448968
6.039747545177587	3.991934549718948
6.039836309900422	3.9919787909945836
6.040095763421042	3.9921557110426167
6.040176142753576	3.9921999297955852
6.040344376446786	3.9928185200666797
6.04047179483167	3.9934362304976116
6.04057465196942	3.9935684827897275
6.040698048387611	3.993656628615462
6.0417885023338505	3.9942731489731704
6.041876850929848	3.9943171526696366
6.041960450014273	3.9944051466891666
6.042126023336274	3.994449137014036
6.042252132083207	3.9944931228835125
6.04242507796446	3.9945371042984976
6.042598348720974	3.9945810812598945
6.042760530509398	3.9946690218255294
6.042895504600614	3.9947129854315704
6.043037909907036	3.9947569445876283
6.043181841296886	3.994800899294604
6.043320615194662	3.994844849553398
6.04345973770164	3.994888795364911
6.043622383777336	3.994932736730042
6.043746880792635	3.994976673649691
6.04544346900809	3.9951084577447404
6.0455752658012	3.9951523768914536
6.045778162486026	3.9951962915971793
6.045930565849548	3.9952402018628153
6.046061433744554	3.9952841076892596
